210222222222222222222222222210111000111111111000000000210111000111111111000000000
210222222222222222222222222210111000111111111000000000210111000111111111000000000
212222212222222222000222000212111212111111111000111000212111212000000000000111000
212222212222222222000222010212111212111111111000111010212111212000000000000000010
212222212222222222010222000212111212111111111010111000212000212000000000010111000
212222212222222222010222010212111212111111111010111010212000212000000000010000010
212222222222222222000000000212111222111111111000000000212111222111111111000000000
212222222222222222000111010212111222111111111000111010212111222000000000000000010
212222222222222222010000000212111222111111111010000000212000222111111111010000000
212222222222222222010111010212111222111111111010111010212000222000000000010000010
220220222110110222222222222220220111110110111111111111220220000110110000000000000
220220222110110222222222222220220111110110111111111111220220000110110000000000000
220220222110111222222222222220220111110111000111111111220220000110111000000000000
220220222110111222222222222220220111110111000111111111220220000110111000000000000
220220222111110222222222222220220000111110111111111111220220000111110000000000000
220220222111110222222222222220220000111110111111111111220220000111110000000000000
220220222111111222222222222220220000111111000111111111220220000111111000000000000
220220222111111222222222222220220000111111000111111111220220000111111000000000000
220222222110110000222222222220222111110110111111111111220222000110110000000000000
220222222110110000222222222220222111110110111111111111220222000110110000000000000
220222222110111111222222222220222111110111111000000000220222000110111111000000000
220222222110111111222222222220222111110111111000000000220222000110111111000000000
220222222111110000222222222220222000111110111111111111220222000111110000000000000
220222222111110000222222222220222000111110111111111111220222000111110000000000000
220222222111111111222222222220222000111111111000000000220222000111111111000000000
220222222111111111222222222220222000111111111000000000220222000111111111000000000
222111212222222222010222000222111212111111111010111000222000212000000000010111000
222111212222222222010222010222111212111111111010111010222000212000000000010000010
222111222222222222010000000222111222111111111010000000222000222111111111010000000
222111222222222222010111010222111222111111111010111010222000222000000000010000010
222220000110110222222222222222220111110110111111111111222220000110110000000000000
222220000110110222222222222222220111110110111111111111222220000110110000000000000
222220000110111222222222222222220111110111000111111111222220000110111000000000000
222220000110111222222222222222220111110111000111111111222220000110111000000000000
222220222111110222000000000222220222111110111111111111222220222111110000000000000
222220222111110222000000000222220222111110111111111111222220222111110000000000000
222220222111111222000000000222220222111111000111111111222220222111111000000000000
222220222111111222000000000222220222111111000111111111222220222111111000000000000
222222000110110000222222222222222111110110111111111111222222000110110000000000000
222222000110110000222222222222222111110110111111111111222222000110110000000000000
222222000110111111222222222222222111110111111000000000222222000110111111000000000
222222000110111111222222222222222111110111111000000000222222000110111111000000000
222222212111111111000222000222222212111111111000111000222222212000000000000111000
222222212111111111000222010222222212111111111000111010222222212000000000000000010
222222222111110000000000000222222222111110111111111111222222222111110000000000000
222222222111110000000000000222222222111110111111111111222222222111110000000000000
222222222111111111000111010222222222111111111000111010222222222000000000000000010
222222222222210000000000000111111111111210111111111111222222222222210000000000000