212222000222222222222222222212111000111111111000000000212111000111111111000000000
212222002222222222222222000212111002111111111000000000212111002111111111000000000
212222010222222222222222222212111010111111111000111000212111010000000000000111000
212222012222222222222222000212111012111111111000111000212111012000000000000111000
212222012222222222222222010212111012111111111000111010212111012000000000000000010
212222020222222222222000222212111020111111111000000000212111020111111111000000000
212222020222222222222001222212111020111111111000001000212111020111111000000001000
212222020222222222222010222212111020111111111000010000212111020111000111000010000
212222020222222222222011222212111020111111111000011000212111020111000000000011000
212222020222222222222100222212111020111111111000100000212111020000111111000100000
212222020222222222222101222212111020111111111000101000212111020000111000000101000
212222020222222222222110222212111020111111111000110000212111020000000111000110000
212222020222222222222111222212111020111111111000111000212111020000000000000111000
212222022222222222222000000212111022111111111000000000212111022111111111000000000
212222022222222222222001000212111022111111111000001000212111022111111000000001000
212222022222222222222010000212111022111111111000010000212111022111000111000010000
212222022222222222222011000212111022111111111000011000212111022111000000000011000
212222022222222222222100000212111022111111111000100000212111022000111111000100000
212222022222222222222101000212111022111111111000101000212111022000111000000101000
212222022222222222222110000212111022111111111000110000212111022000000111000110000
212222022222222222222111000212111022111111111000111000212111022000000000000111000
212222022222222222222111010212111022111111111000111010212111022000000000000000010
212222200222222222000222222212111200111111111000000000212111200111111111000000000
212222200222222222010222222212111200111111111010000000212000200111111111010000000
212222202222222222000222000212111202111111111000000000212111202111111111000000000
212222202222222222010222000212111202111111111010000000212000202111111111010000000
212222210222222222000222222212111210111111111000111000212111210000000000000111000
212222210222222222010222222212111210111111111010111000212000210000000000010111000
212222220222222222000000222212111220111111111000000000212111220111111111000000000
212222220222222222000001222212111220111111111000001000212111220111111000000001000
212222220222222222000010222212111220111111111000010000212111220111000111000010000
212222220222222222000011222212111220111111111000011000212111220111000000000011000
212222220222222222000100222212111220111111111000100000212111220000111111000100000
212222220222222222000101222212111220111111111000101000212111220000111000000101000
212222220222222222000110222212111220111111111000110000212111220000000111000110000
212222220222222222000111222212111220111111111000111000212111220000000000000111000
212222220222222222010000222212111220111111111010000000212000220111111111010000000
212222220222222222010001222212111220111111111010001000212000220111111000010001000
212222220222222222010010222212111220111111111010010000212000220111000111010010000
212222220222222222010011222212111220111111111010011000212000220111000000010011000
212222220222222222010100222212111220111111111010100000212000220000111111010100000
212222220222222222010101222212111220111111111010101000212000220000111000010101000
212222220222222222010110222212111220111111111010110000212000220000000111010110000
212222220222222222010111222212111220111111111010111000212000220000000000010111000
212222222222222222000001000212111222111111111000001000212111222111111000000001000
212222222222222222000010000212111222111111111000010000212111222111000111000010000
212222222222222222000011000212111222111111111000011000212111222111000000000011000
212222222222222222000100000212111222111111111000100000212111222000111111000100000
212222222222222222000101000212111222111111111000101000212111222000111000000101000
212222222222222222000110000212111222111111111000110000212111222000000111000110000
212222222222222222000111000212111222111111111000111000212111222000000000000111000
212222222222222222002000000212111222111111111002000000212111000111111111002000000
212222222222222222002001000212111222111111111002001000212111000111111000002001000
212222222222222222002010000212111222111111111002010000212111000111000111002010000
212222222222222222002011000212111222111111111002011000212111000111000000002011000
212222222222222222002100000212111222111111111002100000212111000000111111002100000
212222222222222222002101000212111222111111111002101000212111000000111000002101000
212222222222222222002110000212111222111111111002110000212111000000000111002110000
212222222222222222002111000212111222111111111002111000212111000000000000002111000
212222222222222222002111010212111222111111111002111010212111000000000000002000010
212222222222222222010001000212111222111111111010001000212000222111111000010001000
212222222222222222010010000212111222111111111010010000212000222111000111010010000
212222222222222222010011000212111222111111111010011000212000222111000000010011000
212222222222222222010100000212111222111111111010100000212000222000111111010100000
212222222222222222010101000212111222111111111010101000212000222000111000010101000
212222222222222222010110000212111222111111111010110000212000222000000111010110000
212222222222222222010111000212111222111111111010111000212000222000000000010111000
212222222222222222012000000212111222111111111012000000212000000111111111012000000
212222222222222222012001000212111222111111111012001000212000000111111000012001000
212222222222222222012010000212111222111111111012010000212000000111000111012010000
212222222222222222012011000212111222111111111012011000212000000111000000012011000
212222222222222222012100000212111222111111111012100000212000000000111111012100000
212222222222222222012101000212111222111111111012101000212000000000111000012101000
212222222222222222012110000212111222111111111012110000212000000000000111012110000
212222222222222222012111000212111222111111111012111000212000000000000000012111000
212222222222222222012111010212111222111111111012111010212000000000000000012000010
220110222222222222222222222220110000111111000111111111220110000111111000000000000
220111222222222222222222222220111000111111111000000000220111000111111111000000000
220112222222222000222222222220112000111111000111111111220112000111111000000000000
220112222222222001222222222220112000111111001111111000220112000111111001000000000
220112222222222010222222222220112000111111010111000111220112000111111010000000000
220112222222222011222222222220112000111111011111000000220112000111111011000000000
220112222222222100222222222220112000111111100000111111220112000111111100000000000
220112222222222101222222222220112000111111101000111000220112000111111101000000000
220112222222222110222222222220112000111111110000000111220112000111111110000000000
220112222222222111222222222220112000111111111000000000220112000111111111000000000
220120222222110222222222222220120000111110111111111111220120000111110000000000000
220120222222111222222222222220120000111111000111111111220120000111111000000000000
220121222222111222222222222220121000111111111000000000220121000111111111000000000
220122222222110000222222222220122000111110111111111111220122000111110000000000000
220122222222111000222222222220122000111111000111111111220122000111111000000000000
220122222222111001222222222220122000111111001111111000220122000111111001000000000
220122222222111010222222222220122000111111010111000111220122000111111010000000000
220122222222111011222222222220122000111111011111000000220122000111111011000000000
220122222222111100222222222220122000111111100000111111220122000111111100000000000
220122222222111101222222222220122000111111101000111000220122000111111101000000000
220122222222111110222222222220122000111111110000000111220122000111111110000000000
220122222222111111222222222220122000111111111000000000220122000111111111000000000
220210222110222222222222222220210111110111000111111111220210000110111000000000000
220210222111222222222222222220210000111111000111111111220210000111111000000000000
220211222110222222222222222220211111110111111000000000220211000110111111000000000
220211222111222222222222222220211000111111111000000000220211000111111111000000000
220212222110222000222222222220212111110111000111111111220212000110111000000000000
220212222110222001222222222220212111110111001111111000220212000110111001000000000
220212222110222010222222222220212111110111010111000111220212000110111010000000000
220212222110222011222222222220212111110111011111000000220212000110111011000000000
220212222110222100222222222220212111110111100000111111220212000110111100000000000
220212222110222101222222222220212111110111101000111000220212000110111101000000000
220212222110222110222222222220212111110111110000000111220212000110111110000000000
220212222110222111222222222220212111110111111000000000220212000110111111000000000
220212222111222000222222222220212000111111000111111111220212000111111000000000000
220212222111222001222222222220212000111111001111111000220212000111111001000000000
220212222111222010222222222220212000111111010111000111220212000111111010000000000
220212222111222011222222222220212000111111011111000000220212000111111011000000000
220212222111222100222222222220212000111111100000111111220212000111111100000000000
220212222111222101222222222220212000111111101000111000220212000111111101000000000
220212222111222110222222222220212000111111110000000111220212000111111110000000000
220212222111222111222222222220212000111111111000000000220212000111111111000000000
220221222110111222222222222220221111110111111000000000220221000110111111000000000
220221222111111222222222222220221000111111111000000000220221000111111111000000000
220222222110111000222222222220222111110111000111111111220222000110111000000000000
220222222110111001222222222220222111110111001111111000220222000110111001000000000
220222222110111010222222222220222111110111010111000111220222000110111010000000000
220222222110111011222222222220222111110111011111000000220222000110111011000000000
220222222110111100222222222220222111110111100000111111220222000110111100000000000
220222222110111101222222222220222111110111101000111000220222000110111101000000000
220222222110111110222222222220222111110111110000000111220222000110111110000000000
220222222111111000222222222220222000111111000111111111220222000111111000000000000
220222222111111001222222222220222000111111001111111000220222000111111001000000000
220222222111111010222222222220222000111111010111000111220222000111111010000000000
220222222111111011222222222220222000111111011111000000220222000111111011000000000
220222222111111100222222222220222000111111100000111111220222000111111100000000000
220222222111111101222222222220222000111111101000111000220222000111111101000000000
220222222111111110222222222220222000111111110000000111220222000111111110000000000
220222222120110000222222222220111111120110111111111111220222000120110000000000000
220222222120111000222222222220111111120111000111111111220222000120111000000000000
220222222120111001222222222220111111120111001111111000220222000120111001000000000
220222222120111010222222222220111111120111010111000111220222000120111010000000000
220222222120111011222222222220111111120111011111000000220222000120111011000000000
220222222120111100222222222220111111120111100000111111220222000120111100000000000
220222222120111101222222222220111111120111101000111000220222000120111101000000000
220222222120111110222222222220111111120111110000000111220222000120111110000000000
220222222120111111222222222220111111120111111000000000220222000120111111000000000
220222222121110000222222222220111000121110111111111111220222000121110000000000000
220222222121111000222222222220111000121111000111111111220222000121111000000000000
220222222121111001222222222220111000121111001111111000220222000121111001000000000
220222222121111010222222222220111000121111010111000111220222000121111010000000000
220222222121111011222222222220111000121111011111000000220222000121111011000000000
220222222121111100222222222220111000121111100000111111220222000121111100000000000
220222222121111101222222222220111000121111101000111000220222000121111101000000000
220222222121111110222222222220111000121111110000000111220222000121111110000000000
220222222121111111222222222220111000121111111000000000220222000121111111000000000
222110000222222222222222222222110000111111000111111111222110000111111000000000000
222110002222222222222222000222110002111111000111111111222110002111111000000000000
222110020222222222222000222222110020111111000111111111222110020111111000000000000
222110022222222222222000000222110022111111000111111111222110022111111000000000000
222110200222222222000222222222110200111111000111111111222110200111111000000000000
222110202222222222000222000222110202111111000111111111222110202111111000000000000
222110220222222222000000222222110220111111000111111111222110220111111000000000000
222110222222222222000000000222110222111111000111111111222110222111111000000000000
222111010222222222222222222222111010111111111000111000222111010000000000000111000
222111012222222222222222000222111012111111111000111000222111012000000000000111000
222111012222222222222222010222111012111111111000111010222111012000000000000000010
222111022222222222222111010222111022111111111000111010222111022000000000000000010
222111200222222222010222222222111200111111111010000000222000200111111111010000000
222111200222222222210222222222111200111111111210000000000000200111111111210000000
222111202222222222010222000222111202111111111010000000222000202111111111010000000
222111202222222222210222000222111202111111111210000000000000202111111111210000000
222111210222222222000222222222111210111111111000111000222111210000000000000111000
222111210222222222010222222222111210111111111010111000222000210000000000010111000
222111210222222222200222222222111210111111111200111000000111210000000000200111000
222111210222222222210222222222111210111111111210111000000000210000000000210111000
222111212222222222000222000222111212111111111000111000222111212000000000000111000
222111212222222222000222010222111212111111111000111010222111212000000000000000010
222111212222222222200222000222111212111111111200111000000111212000000000200111000
222111212222222222200222010222111212111111111200111010000111212000000000200000010
222111212222222222210222000222111212111111111210111000000000212000000000210111000
222111212222222222210222010222111212111111111210111010000000212000000000210000010
222111220222222222010000222222111220111111111010000000222000220111111111010000000
222111220222222222010001222222111220111111111010001000222000220111111000010001000
222111220222222222010010222222111220111111111010010000222000220111000111010010000
222111220222222222010011222222111220111111111010011000222000220111000000010011000
222111220222222222010100222222111220111111111010100000222000220000111111010100000
222111220222222222010101222222111220111111111010101000222000220000111000010101000
222111220222222222010110222222111220111111111010110000222000220000000111010110000
222111220222222222010111222222111220111111111010111000222000220000000000010111000
222111220222222222210000222222111220111111111210000000000000220111111111210000000
222111220222222222210001222222111220111111111210001000000000220111111000210001000
222111220222222222210010222222111220111111111210010000000000220111000111210010000
222111220222222222210011222222111220111111111210011000000000220111000000210011000
222111220222222222210100222222111220111111111210100000000000220000111111210100000
222111220222222222210101222222111220111111111210101000000000220000111000210101000
222111220222222222210110222222111220111111111210110000000000220000000111210110000
222111220222222222210111222222111220111111111210111000000000220000000000210111000
222111222222222222000111010222111222111111111000111010222111222000000000000000010
222111222222222222002111010222111222111111111002111010222111000000000000002000010
222111222222222222010001000222111222111111111010001000222000222111111000010001000
222111222222222222010010000222111222111111111010010000222000222111000111010010000
222111222222222222010011000222111222111111111010011000222000222111000000010011000
222111222222222222010100000222111222111111111010100000222000222000111111010100000
222111222222222222010101000222111222111111111010101000222000222000111000010101000
222111222222222222010110000222111222111111111010110000222000222000000111010110000
222111222222222222010111000222111222111111111010111000222000222000000000010111000
222111222222222222012000000222111222111111111012000000222000000111111111012000000
222111222222222222012001000222111222111111111012001000222000000111111000012001000
222111222222222222012010000222111222111111111012010000222000000111000111012010000
222111222222222222012011000222111222111111111012011000222000000111000000012011000
222111222222222222012100000222111222111111111012100000222000000000111111012100000
222111222222222222012101000222111222111111111012101000222000000000111000012101000
222111222222222222012110000222111222111111111012110000222000000000000111012110000
222111222222222222012111000222111222111111111012111000222000000000000000012111000
222111222222222222012111010222111222111111111012111010222000000000000000012000010
222111222222222222200111010222111222111111111200111010000111222000000000200000010
222111222222222222202111010222111222111111111202111010000111000000000000202000010
222111222222222222210000000222111222111111111210000000000000222111111111210000000
222111222222222222210001000222111222111111111210001000000000222111111000210001000
222111222222222222210010000222111222111111111210010000000000222111000111210010000
222111222222222222210011000222111222111111111210011000000000222111000000210011000
222111222222222222210100000222111222111111111210100000000000222000111111210100000
222111222222222222210101000222111222111111111210101000000000222000111000210101000
222111222222222222210110000222111222111111111210110000000000222000000111210110000
222111222222222222210111000222111222111111111210111000000000222000000000210111000
222111222222222222210111010222111222111111111210111010000000222000000000210000010
222111222222222222212000000222111222111111111212000000000000000111111111212000000
222111222222222222212001000222111222111111111212001000000000000111111000212001000
222111222222222222212010000222111222111111111212010000000000000111000111212010000
222111222222222222212011000222111222111111111212011000000000000111000000212011000
222111222222222222212100000222111222111111111212100000000000000000111111212100000
222111222222222222212101000222111222111111111212101000000000000000111000212101000
222111222222222222212110000222111222111111111212110000000000000000000111212110000
222111222222222222212111000222111222111111111212111000000000000000000000212111000
222111222222222222212111010222111222111111111212111010000000000000000000212000010
222112010222222111222222222222112010111111111000111000222112010000000000000111000
222112012222222111222222000222112012111111111000111000222112012000000000000111000
222112012222222111222222010222112012111111111000111010222112012000000000000000010
222112022222222111222111010222112022111111111000111010222112022000000000000000010
222112210222222111000222222222112210111111111000111000222112210000000000000111000
222112210222222111200222222222112210111111111200111000000112210000000000200111000
222112212222222111000222000222112212111111111000111000222112212000000000000111000
222112212222222111000222010222112212111111111000111010222112212000000000000000010
222112212222222111200222000222112212111111111200111000000112212000000000200111000
222112212222222111200222010222112212111111111200111010000112212000000000200000010
222112222222222111000111010222112222111111111000111010222112222000000000000000010
222112222222222111002111010222112222111111111002111010222112000000000000002000010
222112222222222111200111010222112222111111111200111010000112222000000000200000010
222112222222222111202111010222112222111111111202111010000112000000000000202000010
222120000222110222222222222222120000111110111111111111222120000111110000000000000
222120000222111222222222222222120000111111000111111111222120000111111000000000000
222120002222110222222222000222120002111110111111111111222120002111110000000000000
222120002222111222222222000222120002111111000111111111222120002111111000000000000
222120020222110222222000222222120020111110111111111111222120020111110000000000000
222120020222111222222000222222120020111111000111111111222120020111111000000000000
222120022222110222222000000222120022111110111111111111222120022111110000000000000
222120022222111222222000000222120022111111000111111111222120022111111000000000000
222120200222110222000222222222120200111110111111111111222120200111110000000000000
222120200222111222000222222222120200111111000111111111222120200111111000000000000
222120202222110222000222000222120202111110111111111111222120202111110000000000000
222120202222111222000222000222120202111111000111111111222120202111111000000000000
222120220222110222000000222222120220111110111111111111222120220111110000000000000
222120220222111222000000222222120220111111000111111111222120220111111000000000000
222120222222110222000000000222120222111110111111111111222120222111110000000000000
222120222222111222000000000222120222111111000111111111222120222111111000000000000
222121010222111222222222222222121010111111111000111000222121010000000000000111000
222121012222111222222222000222121012111111111000111000222121012000000000000111000
222121012222111222222222010222121012111111111000111010222121012000000000000000010
222121022222111222222111010222121022111111111000111010222121022000000000000000010
222121210222111222000222222222121210111111111000111000222121210000000000000111000
222121210222111222200222222222121210111111111200111000000121210000000000200111000
222121212222111222000222000222121212111111111000111000222121212000000000000111000
222121212222111222000222010222121212111111111000111010222121212000000000000000010
222121212222111222200222000222121212111111111200111000000121212000000000200111000
222121212222111222200222010222121212111111111200111010000121212000000000200000010
222121222222111222000111010222121222111111111000111010222121222000000000000000010
222121222222111222002111010222121222111111111002111010222121000000000000002000010
222121222222111222200111010222121222111111111200111010000121222000000000200000010
222121222222111222202111010222121222111111111202111010000121000000000000202000010
222122000222110000222222222222122000111110111111111111222122000111110000000000000
222122002222110000222222000222122002111110111111111111222122002111110000000000000
222122010222111111222222222222122010111111111000111000222122010000000000000111000
222122012222111111222222000222122012111111111000111000222122012000000000000111000
222122012222111111222222010222122012111111111000111010222122012000000000000000010
222122020222110000222000222222122020111110111111111111222122020111110000000000000
222122022222110000222000000222122022111110111111111111222122022111110000000000000
222122022222111111222111010222122022111111111000111010222122022000000000000000010
222122200222110000000222222222122200111110111111111111222122200111110000000000000
222122202222110000000222000222122202111110111111111111222122202111110000000000000
222122210222111111000222222222122210111111111000111000222122210000000000000111000
222122210222111111200222222222122210111111111200111000000122210000000000200111000
222122212222111111000222000222122212111111111000111000222122212000000000000111000
222122212222111111000222010222122212111111111000111010222122212000000000000000010
222122212222111111200222000222122212111111111200111000000122212000000000200111000
222122212222111111200222010222122212111111111200111010000122212000000000200000010
222122220222110000000000222222122220111110111111111111222122220111110000000000000
222122222222110000000000000222122222111110111111111111222122222111110000000000000
222122222222111111000111010222122222111111111000111010222122222000000000000000010
222122222222111111002111010222122222111111111002111010222122000000000000002000010
222122222222111111200111010222122222111111111200111010000122222000000000200000010
222122222222111111202111010222122222111111111202111010000122000000000000202000010
222210000110222222222222222222210111110111000111111111222210000110111000000000000
222210000111222222222222222222210000111111000111111111222210000111111000000000000
222210000210222222222222222111210111210111000111111111222210000210111000000000000
222210000211222222222222222111210000211111000111111111222210000211111000000000000
222210002111222222222222000222210002111111000111111111222210002111111000000000000
222210002211222222222222000111210002211111000111111111222210002211111000000000000
222210020111222222222000222222210020111111000111111111222210020111111000000000000
222210020211222222222000222111210020211111000111111111222210020211111000000000000
222210022111222222222000000222210022111111000111111111222210022111111000000000000
222210022211222222222000000111210022211111000111111111222210022211111000000000000
222210200111222222000222222222210200111111000111111111222210200111111000000000000
222210200211222222000222222111210200211111000111111111222210200211111000000000000
222210202111222222000222000222210202111111000111111111222210202111111000000000000
222210202211222222000222000111210202211111000111111111222210202211111000000000000
222210220111222222000000222222210220111111000111111111222210220111111000000000000
222210220211222222000000222111210220211111000111111111222210220211111000000000000
222210222111222222000000000222210222111111000111111111222210222111111000000000000
222210222112222222000000000222210111112111000111111111222210222112111000000000000
222210222211222222000000000111210222211111000111111111222210222211111000000000000
222210222212222222000000000111210111212111000111111111222210222212111000000000000
222211000110222222222222222222211111110111111000000000222211000110111111000000000
222211000210222222222222222111211111210111111000000000222211000210111111000000000
222211010111222222222222222222211010111111111000111000222211010000000000000111000
222211012111222222222222000222211012111111111000111000222211012000000000000111000
222211012111222222222222010222211012111111111000111010222211012000000000000000010
222211022111222222222111010222211022111111111000111010222211022000000000000000010
222211210111222222000222222222211210111111111000111000222211210000000000000111000
222211210111222222200222222222211210111111111200111000000211210000000000200111000
222211212111222222000222000222211212111111111000111000222211212000000000000111000
222211212111222222000222010222211212111111111000111010222211212000000000000000010
222211212111222222200222000222211212111111111200111000000211212000000000200111000
222211212111222222200222010222211212111111111200111010000211212000000000200000010
222211222111222222000111010222211222111111111000111010222211222000000000000000010
222211222111222222002111010222211222111111111002111010222211000000000000002000010
222211222111222222200111010222211222111111111200111010000211222000000000200000010
222211222111222222202111010222211222111111111202111010000211000000000000202000010
222212000110222000222222222222212111110111000111111111222212000110111000000000000
222212000110222001222222222222212111110111001111111000222212000110111001000000000
222212000110222010222222222222212111110111010111000111222212000110111010000000000
222212000110222011222222222222212111110111011111000000222212000110111011000000000
222212000110222100222222222222212111110111100000111111222212000110111100000000000
222212000110222101222222222222212111110111101000111000222212000110111101000000000
222212000110222110222222222222212111110111110000000111222212000110111110000000000
222212000110222111222222222222212111110111111000000000222212000110111111000000000
222212000210222000222222222111212111210111000111111111222212000210111000000000000
222212000210222001222222222111212111210111001111111000222212000210111001000000000
222212000210222010222222222111212111210111010111000111222212000210111010000000000
222212000210222011222222222111212111210111011111000000222212000210111011000000000
222212000210222100222222222111212111210111100000111111222212000210111100000000000
222212000210222101222222222111212111210111101000111000222212000210111101000000000
222212000210222110222222222111212111210111110000000111222212000210111110000000000
222212000210222111222222222111212111210111111000000000222212000210111111000000000
222212010111222111222222222222212010111111111000111000222212010000000000000111000
222212012111222111222222000222212012111111111000111000222212012000000000000111000
222212012111222111222222010222212012111111111000111010222212012000000000000000010
222212022111222111222111010222212022111111111000111010222212022000000000000000010
222212210111222111000222222222212210111111111000111000222212210000000000000111000
222212210111222111200222222222212210111111111200111000000212210000000000200111000
222212212111222111000222000222212212111111111000111000222212212000000000000111000
222212212111222111000222010222212212111111111000111010222212212000000000000000010
222212212111222111200222000222212212111111111200111000000212212000000000200111000
222212212111222111200222010222212212111111111200111010000212212000000000200000010
222212222111222111000111010222212222111111111000111010222212222000000000000000010
222212222111222111002111010222212222111111111002111010222212000000000000002000010
222212222111222111200111010222212222111111111200111010000212222000000000200000010
222212222111222111202111010222212222111111111202111010000212000000000000202000010
222220000111110222222222222222220000111110111111111111222220000111110000000000000
222220000111111222222222222222220000111111000111111111222220000111111000000000000
222220000210110222222222222111220111210110111111111111222220000210110000000000000
222220000210111222222222222111220111210111000111111111222220000210111000000000000
222220000211110222222222222111220000211110111111111111222220000211110000000000000
222220000211111222222222222111220000211111000111111111222220000211111000000000000
222220002111110222222222000222220002111110111111111111222220002111110000000000000
222220002111111222222222000222220002111111000111111111222220002111111000000000000
222220002211110222222222000111220002211110111111111111222220002211110000000000000
222220002211111222222222000111220002211111000111111111222220002211111000000000000
222220020111110222222000222222220020111110111111111111222220020111110000000000000
222220020111111222222000222222220020111111000111111111222220020111111000000000000
222220020211110222222000222111220020211110111111111111222220020211110000000000000
222220020211111222222000222111220020211111000111111111222220020211111000000000000
222220022111110222222000000222220022111110111111111111222220022111110000000000000
222220022111111222222000000222220022111111000111111111222220022111111000000000000
222220022211110222222000000111220022211110111111111111222220022211110000000000000
222220022211111222222000000111220022211111000111111111222220022211111000000000000
222220200111110222000222222222220200111110111111111111222220200111110000000000000
222220200111111222000222222222220200111111000111111111222220200111111000000000000
222220200211110222000222222111220200211110111111111111222220200211110000000000000
222220200211111222000222222111220200211111000111111111222220200211111000000000000
222220202111110222000222000222220202111110111111111111222220202111110000000000000
222220202111111222000222000222220202111111000111111111222220202111111000000000000
222220202211110222000222000111220202211110111111111111222220202211110000000000000
222220202211111222000222000111220202211111000111111111222220202211111000000000000
222220220111110222000000222222220220111110111111111111222220220111110000000000000
222220220111111222000000222222220220111111000111111111222220220111111000000000000
222220220211110222000000222111220220211110111111111111222220220211110000000000000
222220220211111222000000222111220220211111000111111111222220220211111000000000000
222220222112110222000000000222220111112110111111111111222220222112110000000000000
222220222112111222000000000222220111112111000111111111222220222112111000000000000
222220222211110222000000000111220222211110111111111111222220222211110000000000000
222220222211111222000000000111220222211111000111111111222220222211111000000000000
222220222212110222000000000111220111212110111111111111222220222212110000000000000
222220222212111222000000000111220111212111000111111111222220222212111000000000000
222221000110111222222222222222221111110111111000000000222221000110111111000000000
222221000210111222222222222111221111210111111000000000222221000210111111000000000
222221010111111222222222222222221010111111111000111000222221010000000000000111000
222221012111111222222222000222221012111111111000111000222221012000000000000111000
222221012111111222222222010222221012111111111000111010222221012000000000000000010
222221022111111222222111010222221022111111111000111010222221022000000000000000010
222221210111111222000222222222221210111111111000111000222221210000000000000111000
222221210111111222200222222222221210111111111200111000000221210000000000200111000
222221212111111222000222000222221212111111111000111000222221212000000000000111000
222221212111111222000222010222221212111111111000111010222221212000000000000000010
222221212111111222200222000222221212111111111200111000000221212000000000200111000
222221212111111222200222010222221212111111111200111010000221212000000000200000010
222221222111111222000111010222221222111111111000111010222221222000000000000000010
222221222111111222002111010222221222111111111002111010222221000000000000002000010
222221222111111222200111010222221222111111111200111010000221222000000000200000010
222221222111111222202111010222221222111111111202111010000221000000000000202000010
222222000110111000222222222222222111110111000111111111222222000110111000000000000
222222000110111001222222222222222111110111001111111000222222000110111001000000000
222222000110111010222222222222222111110111010111000111222222000110111010000000000
222222000110111011222222222222222111110111011111000000222222000110111011000000000
222222000110111100222222222222222111110111100000111111222222000110111100000000000
222222000110111101222222222222222111110111101000111000222222000110111101000000000
222222000110111110222222222222222111110111110000000111222222000110111110000000000
222222000111110000222222222222222000111110111111111111222222000111110000000000000
222222000120110000222222222222111111120110111111111111222222000120110000000000000
222222000120111000222222222222111111120111000111111111222222000120111000000000000
222222000120111001222222222222111111120111001111111000222222000120111001000000000
222222000120111010222222222222111111120111010111000111222222000120111010000000000
222222000120111011222222222222111111120111011111000000222222000120111011000000000
222222000120111100222222222222111111120111100000111111222222000120111100000000000
222222000120111101222222222222111111120111101000111000222222000120111101000000000
222222000120111110222222222222111111120111110000000111222222000120111110000000000
222222000120111111222222222222111111120111111000000000222222000120111111000000000
222222000121110000222222222222111000121110111111111111222222000121110000000000000
222222000210110000222222222111222111210110111111111111222222000210110000000000000
222222000210111000222222222111222111210111000111111111222222000210111000000000000
222222000210111001222222222111222111210111001111111000222222000210111001000000000
222222000210111010222222222111222111210111010111000111222222000210111010000000000
222222000210111011222222222111222111210111011111000000222222000210111011000000000
222222000210111100222222222111222111210111100000111111222222000210111100000000000
222222000210111101222222222111222111210111101000111000222222000210111101000000000
222222000210111110222222222111222111210111110000000111222222000210111110000000000
222222000210111111222222222111222111210111111000000000222222000210111111000000000
222222000211110000222222222111222000211110111111111111222222000211110000000000000
222222000220110000222222222111111111220110111111111111222222000220110000000000000
222222000220111000222222222111111111220111000111111111222222000220111000000000000
222222000220111001222222222111111111220111001111111000222222000220111001000000000
222222000220111010222222222111111111220111010111000111222222000220111010000000000
222222000220111011222222222111111111220111011111000000222222000220111011000000000
222222000220111100222222222111111111220111100000111111222222000220111100000000000
222222000220111101222222222111111111220111101000111000222222000220111101000000000
222222000220111110222222222111111111220111110000000111222222000220111110000000000
222222000220111111222222222111111111220111111000000000222222000220111111000000000
222222000221110000222222222111111000221110111111111111222222000221110000000000000
222222002111110000222222000222222002111110111111111111222222002111110000000000000
222222002121110000222222000222111002121110111111111111222222002121110000000000000
222222002211110000222222000111222002211110111111111111222222002211110000000000000
222222002221110000222222000111111002221110111111111111222222002221110000000000000
222222010111111111222222222222222010111111111000111000222222010000000000000111000
222222012111111111222222000222222012111111111000111000222222012000000000000111000
222222012111111111222222010222222012111111111000111010222222012000000000000000010
222222020111110000222000222222222020111110111111111111222222020111110000000000000
222222020121110000222000222222111020121110111111111111222222020121110000000000000
222222020211110000222000222111222020211110111111111111222222020211110000000000000
222222020221110000222000222111111020221110111111111111222222020221110000000000000
222222022111110000222000000222222022111110111111111111222222022111110000000000000
222222022111111111222111010222222022111111111000111010222222022000000000000000010
222222022121110000222000000222111022121110111111111111222222022121110000000000000
222222022211110000222000000111222022211110111111111111222222022211110000000000000
222222022221110000222000000111111022221110111111111111222222022221110000000000000
222222200111110000000222222222222200111110111111111111222222200111110000000000000
222222200121110000000222222222111200121110111111111111222222200121110000000000000
222222200211110000000222222111222200211110111111111111222222200211110000000000000
222222200221110000000222222111111200221110111111111111222222200221110000000000000
222222202111110000000222000222222202111110111111111111222222202111110000000000000
222222202121110000000222000222111202121110111111111111222222202121110000000000000
222222202211110000000222000111222202211110111111111111222222202211110000000000000
222222202221110000000222000111111202221110111111111111222222202221110000000000000
222222210111111111000222222222222210111111111000111000222222210000000000000111000
222222210111111111020222222222222210111111111020111000222000210000000000020111000
222222210111111111200222222222222210111111111200111000000222210000000000200111000
222222210111111111220222222222222210111111111220111000000000210000000000220111000
222222212111111111020222000222222212111111111020111000222000212000000000020111000
222222212111111111020222010222222212111111111020111010222000212000000000020000010
222222212111111111200222000222222212111111111200111000000222212000000000200111000
222222212111111111200222010222222212111111111200111010000222212000000000200000010
222222212111111111220222000222222212111111111220111000000000212000000000220111000
222222212111111111220222010222222212111111111220111010000000212000000000220000010
222222220111110000000000222222222220111110111111111111222222220111110000000000000
222222220121110000000000222222111220121110111111111111222222220121110000000000000
222222220211110000000000222111222220211110111111111111222222220211110000000000000
222222220221110000000000222111111220221110111111111111222222220221110000000000000
222222222111111101222000200222222222111111101222111200000000000111111101000000200
222222222111111111002111010222222222111111111002111010222222000000000000002000010
222222222111111111020111010222222222111111111020111010222000222000000000020000010
222222222111111111022111010222222222111111111022111010222000000000000000022000010
222222222111111111200111010222222222111111111200111010000222222000000000200000010
222222222111111111202111010222222222111111111202111010000222000000000000202000010
222222222111111111220111010222222222111111111220111010000000222000000000220000010
222222222111111111222001200222222222111111111222001200000000000111111000000001200
222222222111111111222010200222222222111111111222010200000000000111000111000010200
222222222111111111222011200222222222111111111222011200000000000111000000000011200
222222222111111111222100200222222222111111111222100200000000000000111111000100200
222222222111111111222101200222222222111111111222101200000000000000111000000101200
222222222111111111222110200222222222111111111222110200000000000000000111000110200
222222222111111111222111010222222222111111111222111010000000000000000000222000010
222222222111111111222111200222222222111111111222111200000000000000000000000111200
222222222111111200222000000222222222111111200111111111000000000111111200222000000
222222222111111201222000000222222222111111201111111000000000000111111201222000000
222222222111111201222000200222222222111111201111111200000000000111111201000000200
222222222111111210222000000222222222111111210111000111000000000111111210222000000
222222222111111210222010000222222222111111210111010111000000000111000210222010000
222222222111111210222100000222222222111111210111100111000000000000111210222100000
222222222111111210222110000222222222111111210111110111000000000000000210222110000
222222222111111211222010000222222222111111211111010000000000000111000211222010000
222222222111111211222010200222222222111111211111010200000000000111000211000010200
222222222111111211222100000222222222111111211111100000000000000000111211222100000
222222222111111211222100200222222222111111211111100200000000000000111211000100200
222222222111111211222110000222222222111111211111110000000000000000000211222110000
222222222111111211222110200222222222111111211111110200000000000000000211000110200
222222222112110000000000000222222111112110111111111111222222222112110000000000000
222222222112111101222000200222222111112111101222111200000000000112111101000000200
222222222112111111222000200222222111112111111222000200000000000112111111000000200
222222222112111111222001200222222111112111111222001200000000000112111000000001200
222222222112111111222010200222222111112111111222010200000000000112000111000010200
222222222112111111222011200222222111112111111222011200000000000112000000000011200
222222222112111200222000000222222111112111200111111111000000000112111200222000000
222222222112111201222000000222222111112111201111111000000000000112111201222000000
222222222112111201222000200222222111112111201111111200000000000112111201000000200
222222222112111210222000000222222111112111210111000111000000000112111210222000000
222222222112111210222010000222222111112111210111010111000000000112000210222010000
222222222112111211222000000222222111112111211111000000000000000112111211222000000
222222222112111211222000200222222111112111211111000200000000000112111211000000200
222222222112111211222010000222222111112111211111010000000000000112000211222010000
222222222112111211222010200222222111112111211111010200000000000112000211000010200
222222222121110000000000000222111222121110111111111111222222222121110000000000000
222222222121111101222000200222111222121111101222111200000000000121111101000000200
222222222121111111222000200222111222121111111222000200000000000121111111000000200
222222222121111111222001200222111222121111111222001200000000000121111000000001200
222222222121111111222010200222111222121111111222010200000000000121000111000010200
222222222121111111222011200222111222121111111222011200000000000121000000000011200
222222222121111200222000000222111222121111200111111111000000000121111200222000000
222222222121111201222000000222111222121111201111111000000000000121111201222000000
222222222121111201222000200222111222121111201111111200000000000121111201000000200
222222222121111210222000000222111222121111210111000111000000000121111210222000000
222222222121111210222010000222111222121111210111010111000000000121000210222010000
222222222121111211222000000222111222121111211111000000000000000121111211222000000
222222222121111211222000200222111222121111211111000200000000000121111211000000200
222222222121111211222010000222111222121111211111010000000000000121000211222010000
222222222121111211222010200222111222121111211111010200000000000121000211000010200
222222222122110000000000000222111111122110111111111111222222222122110000000000000
222222222122111101222000200222111111122111101222111200000000000122111101000000200
222222222122111111222000200222111111122111111222000200000000000122111111000000200
222222222122111111222001200222111111122111111222001200000000000122111000000001200
222222222122111111222010200222111111122111111222010200000000000122000111000010200
222222222122111111222011200222111111122111111222011200000000000122000000000011200
222222222122111200222000000222111111122111200111111111000000000122111200222000000
222222222122111201222000000222111111122111201111111000000000000122111201222000000
222222222122111201222000200222111111122111201111111200000000000122111201000000200
222222222122111210222000000222111111122111210111000111000000000122111210222000000
222222222122111210222010000222111111122111210111010111000000000122000210222010000
222222222122111211222000000222111111122111211111000000000000000122111211222000000
222222222122111211222000200222111111122111211111000200000000000122111211000000200
222222222122111211222010000222111111122111211111010000000000000122000211222010000
222222222122111211222010200222111111122111211111010200000000000122000211000010200
222222222211110000000000000111222222211110111111111111222222222211110000000000000
222222222211111101222000200111222222211111101222111200000000000211111101000000200
222222222211111111222000200111222222211111111222000200000000000211111111000000200
222222222211111111222001200111222222211111111222001200000000000211111000000001200
222222222211111111222010200111222222211111111222010200000000000211000111000010200
222222222211111111222011200111222222211111111222011200000000000211000000000011200
222222222211111200222000000111222222211111200111111111000000000211111200222000000
222222222211111201222000000111222222211111201111111000000000000211111201222000000
222222222211111201222000200111222222211111201111111200000000000211111201000000200
222222222211111210222000000111222222211111210111000111000000000211111210222000000
222222222211111210222010000111222222211111210111010111000000000211000210222010000
222222222211111211222000000111222222211111211111000000000000000211111211222000000
222222222211111211222000200111222222211111211111000200000000000211111211000000200
222222222211111211222010000111222222211111211111010000000000000211000211222010000
222222222211111211222010200111222222211111211111010200000000000211000211000010200
222222222212110000000000000111222111212110111111111111222222222212110000000000000
222222222212111101222000200111222111212111101222111200000000000212111101000000200
222222222212111111222000200111222111212111111222000200000000000212111111000000200
222222222212111111222001200111222111212111111222001200000000000212111000000001200
222222222212111111222010200111222111212111111222010200000000000212000111000010200
222222222212111111222011200111222111212111111222011200000000000212000000000011200
222222222212111200222000000111222111212111200111111111000000000212111200222000000
222222222212111201222000000111222111212111201111111000000000000212111201222000000
222222222212111201222000200111222111212111201111111200000000000212111201000000200
222222222212111210222000000111222111212111210111000111000000000212111210222000000
222222222212111210222010000111222111212111210111010111000000000212000210222010000
222222222212111211222000000111222111212111211111000000000000000212111211222000000
222222222212111211222000200111222111212111211111000200000000000212111211000000200
222222222212111211222010000111222111212111211111010000000000000212000211222010000
222222222212111211222010200111222111212111211111010200000000000212000211000010200
222222222221110000000000000111111222221110111111111111222222222221110000000000000
222222222221111101222000200111111222221111101222111200000000000221111101000000200
222222222221111111222000200111111222221111111222000200000000000221111111000000200
222222222221111111222001200111111222221111111222001200000000000221111000000001200
222222222221111111222010200111111222221111111222010200000000000221000111000010200
222222222221111111222011200111111222221111111222011200000000000221000000000011200
222222222221111200222000000111111222221111200111111111000000000221111200222000000
222222222221111201222000000111111222221111201111111000000000000221111201222000000
222222222221111201222000200111111222221111201111111200000000000221111201000000200
222222222221111210222000000111111222221111210111000111000000000221111210222000000
222222222221111210222010000111111222221111210111010111000000000221000210222010000
222222222221111211222000000111111222221111211111000000000000000221111211222000000
222222222221111211222000200111111222221111211111000200000000000221111211000000200
222222222221111211222010000111111222221111211111010000000000000221000211222010000
222222222221111211222010200111111222221111211111010200000000000221000211000010200
222222222222110000000000000111111111222110111111111111222222222222110000000000000
222222222222111010000200000111111111222111010111200111222222222000111010000200000
222222222222111010000210000111111111222111010111210111222222222000000010000210000
222222222222111011000200000111111111222111011111200000222222222000111011000200000
222222222222111011000210000111111111222111011111210000222222222000000011000210000
222222222222111101222000200111111111222111101222111200000000000222111101000000200
222222222222111110000200000111111111222111110000200111222222222000111110000200000
222222222222111110000210000111111111222111110000210111222222222000000110000210000
222222222222111110002200000111111111222111110002200111222222000000111110002200000
222222222222111110002210000111111111222111110002210111222222000000000110002210000
222222222222111110020200000111111111222111110020200111222000222000111110020200000
222222222222111110020210000111111111222111110020210111222000222000000110020210000
222222222222111110022200000111111111222111110022200111222000000000111110022200000
222222222222111110022210000111111111222111110022210111222000000000000110022210000
222222222222111110200200000111111111222111110200200111000222222000111110200200000
222222222222111110200210000111111111222111110200210111000222222000000110200210000
222222222222111110202200000111111111222111110202200111000222000000111110202200000
222222222222111110202210000111111111222111110202210111000222000000000110202210000
222222222222111110220200000111111111222111110220200111000000222000111110220200000
222222222222111110220210000111111111222111110220210111000000222000000110220210000
222222222222111110222200000111111111222111110222200111000000000000111110222200000
222222222222111110222210000111111111222111110222210111000000000000000110222210000
222222222222111111000201000111111111222111111000201000222222222000111000000201000
222222222222111111000210000111111111222111111000210000222222222000000111000210000
222222222222111111000211000111111111222111111000211000222222222000000000000211000
222222222222111111002200000111111111222111111002200000222222000000111111002200000
222222222222111111002201000111111111222111111002201000222222000000111000002201000
222222222222111111002210000111111111222111111002210000222222000000000111002210000
222222222222111111002211000111111111222111111002211000222222000000000000002211000
222222222222111111020200000111111111222111111020200000222000222000111111020200000
222222222222111111020201000111111111222111111020201000222000222000111000020201000
222222222222111111020210000111111111222111111020210000222000222000000111020210000
222222222222111111020211000111111111222111111020211000222000222000000000020211000
222222222222111111022200000111111111222111111022200000222000000000111111022200000
222222222222111111022201000111111111222111111022201000222000000000111000022201000
222222222222111111022210000111111111222111111022210000222000000000000111022210000
222222222222111111022211000111111111222111111022211000222000000000000000022211000
222222222222111111200200000111111111222111111200200000000222222000111111200200000
222222222222111111200201000111111111222111111200201000000222222000111000200201000
222222222222111111200210000111111111222111111200210000000222222000000111200210000
222222222222111111200211000111111111222111111200211000000222222000000000200211000
222222222222111111202200000111111111222111111202200000000222000000111111202200000
222222222222111111202201000111111111222111111202201000000222000000111000202201000
222222222222111111202210000111111111222111111202210000000222000000000111202210000
222222222222111111202211000111111111222111111202211000000222000000000000202211000
222222222222111111220200000111111111222111111220200000000000222000111111220200000
222222222222111111220201000111111111222111111220201000000000222000111000220201000
222222222222111111220210000111111111222111111220210000000000222000000111220210000
222222222222111111220211000111111111222111111220211000000000222000000000220211000
222222222222111111222000200111111111222111111222000200000000000222111111000000200
222222222222111111222001200111111111222111111222001200000000000222111000000001200
222222222222111111222010200111111111222111111222010200000000000222000111000010200
222222222222111111222011200111111111222111111222011200000000000222000000000011200
222222222222111111222200000111111111222111111222200000000000000000111111222200000
222222222222111111222201000111111111222111111222201000000000000000111000222201000
222222222222111111222201200111111111222111111222201200000000000000111000000201200
222222222222111111222210000111111111222111111222210000000000000000000111222210000
222222222222111111222210200111111111222111111222210200000000000000000111000210200
222222222222111111222211000111111111222111111222211000000000000000000000222211000
222222222222111111222211200111111111222111111222211200000000000000000000000211200
222222222222111200222000000111111111222111200111111111000000000222111200222000000
222222222222111201222000000111111111222111201111111000000000000222111201222000000
222222222222111201222000200111111111222111201111111200000000000222111201000000200
222222222222111210222000000111111111222111210111000111000000000222111210222000000
222222222222111210222010000111111111222111210111010111000000000222000210222010000
222222222222111210222200000111111111222111210111200111000000000000111210222200000
222222222222111210222210000111111111222111210111210111000000000000000210222210000
222222222222111211222000000111111111222111211111000000000000000222111211222000000
222222222222111211222000200111111111222111211111000200000000000222111211000000200
222222222222111211222010000111111111222111211111010000000000000222000211222010000
222222222222111211222010200111111111222111211111010200000000000222000211000010200
222222222222111211222210000111111111222111211111210000000000000000000211222210000
222222222222111211222210200111111111222111211111210200000000000000000211000210200
222222222222211000000000000111111111111211000111111111222222222222211000000000000
222222222222211001000000000111111111111211001111111000222222222222211001000000000
222222222222211010000000000111111111111211010111000111222222222222211010000000000
222222222222211010000200000111111111111211010111200111222222222000211010000200000
222222222222211011000000000111111111111211011111000000222222222222211011000000000
222222222222211011000200000111111111111211011111200000222222222000211011000200000
222222222222211100000000000111111111111211100000111111222222222222211100000000000
222222222222211100002000000111111111111211100002111111222222000222211100002000000
222222222222211100020000000111111111111211100020111111222000222222211100020000000
222222222222211100022000000111111111111211100022111111222000000222211100022000000
222222222222211100200000000111111111111211100200111111000222222222211100200000000
222222222222211100202000000111111111111211100202111111000222000222211100202000000
222222222222211100220000000111111111111211100220111111000000222222211100220000000
222222222222211100222000000111111111111211100222111111000000000222211100222000000
222222222222211101000000000111111111111211101000111000222222222222211101000000000
222222222222211101002000000111111111111211101002111000222222000222211101002000000
222222222222211101020000000111111111111211101020111000222000222222211101020000000
222222222222211101022000000111111111111211101022111000222000000222211101022000000
222222222222211101200000000111111111111211101200111000000222222222211101200000000
222222222222211101202000000111111111111211101202111000000222000222211101202000000
222222222222211101220000000111111111111211101220111000000000222222211101220000000
222222222222211101222000000111111111111211101222111000000000000222211101222000000
222222222222211101222000200111111111111211101222111200000000000222211101000000200
222222222222211110000000000111111111111211110000000111222222222222211110000000000
222222222222211110000200000111111111111211110000200111222222222000211110000200000
222222222222211110002000000111111111111211110002000111222222000222211110002000000
222222222222211110002200000111111111111211110002200111222222000000211110002200000
222222222222211110020000000111111111111211110020000111222000222222211110020000000
222222222222211110020200000111111111111211110020200111222000222000211110020200000
222222222222211110022000000111111111111211110022000111222000000222211110022000000
222222222222211110022200000111111111111211110022200111222000000000211110022200000
222222222222211110200000000111111111111211110200000111000222222222211110200000000
222222222222211110200200000111111111111211110200200111000222222000211110200200000
222222222222211110202000000111111111111211110202000111000222000222211110202000000
222222222222211110202200000111111111111211110202200111000222000000211110202200000
222222222222211110220000000111111111111211110220000111000000222222211110220000000
222222222222211110220200000111111111111211110220200111000000222000211110220200000
222222222222211110222000000111111111111211110222000111000000000222211110222000000
222222222222211110222200000111111111111211110222200111000000000000211110222200000
222222222222211111000001000111111111111211111000001000222222222222211000000001000
222222222222211111000201000111111111111211111000201000222222222000211000000201000
222222222222211111002000000111111111111211111002000000222222000222211111002000000
222222222222211111002001000111111111111211111002001000222222000222211000002001000
222222222222211111002200000111111111111211111002200000222222000000211111002200000
222222222222211111002201000111111111111211111002201000222222000000211000002201000
222222222222211111020000000111111111111211111020000000222000222222211111020000000
222222222222211111020001000111111111111211111020001000222000222222211000020001000
222222222222211111020200000111111111111211111020200000222000222000211111020200000
222222222222211111020201000111111111111211111020201000222000222000211000020201000
222222222222211111022000000111111111111211111022000000222000000222211111022000000
222222222222211111022001000111111111111211111022001000222000000222211000022001000
222222222222211111022200000111111111111211111022200000222000000000211111022200000
222222222222211111022201000111111111111211111022201000222000000000211000022201000
222222222222211111200000000111111111111211111200000000000222222222211111200000000
222222222222211111200001000111111111111211111200001000000222222222211000200001000
222222222222211111200200000111111111111211111200200000000222222000211111200200000
222222222222211111200201000111111111111211111200201000000222222000211000200201000
222222222222211111202000000111111111111211111202000000000222000222211111202000000
222222222222211111202001000111111111111211111202001000000222000222211000202001000
222222222222211111202200000111111111111211111202200000000222000000211111202200000
222222222222211111202201000111111111111211111202201000000222000000211000202201000
222222222222211111220000000111111111111211111220000000000000222222211111220000000
222222222222211111220001000111111111111211111220001000000000222222211000220001000
222222222222211111220200000111111111111211111220200000000000222000211111220200000
222222222222211111220201000111111111111211111220201000000000222000211000220201000
222222222222211111222000000111111111111211111222000000000000000222211111222000000
222222222222211111222001000111111111111211111222001000000000000222211000222001000
222222222222211111222001200111111111111211111222001200000000000222211000000001200
222222222222211111222200000111111111111211111222200000000000000000211111222200000
222222222222211111222201000111111111111211111222201000000000000000211000222201000
222222222222211111222201200111111111111211111222201200000000000000211000000201200
222222222222211200222000000111111111111211200111111111000000000222211200222000000
222222222222211201222000000111111111111211201111111000000000000222211201222000000
222222222222211201222000200111111111111211201111111200000000000222211201000000200
222222222222211210222000000111111111111211210111000111000000000222211210222000000
222222222222211210222200000111111111111211210111200111000000000000211210222200000